111111111111111111111111111111111111111111111111
100000000000000000000001122222222222222222222221
100000000000000000000001122222222222222222222221
100000000000000000000001122222222222222222222221
100000000000000000000001122222222222222222222221
100000000000000000000001122222222222222222222221
100000000000000000000001122222222222222222222221
100000000000000000000001122222222222222222222221
100000000000000000000001122222222222222222222221
100000000000000000000001122222222222222222222221
100000000000000000000001122222222222222222222221
100000000000000000000001122222222222222222222221
100000000000000000000001122222222222222222222221
100000000000000000000001122222222222222222222221
100000000000000000000001122222222222222222222221
100000000000000000000001122222222222222222222221
100000000000000000000001122222222222222222222221
100000000000000000000001122222222222222222222221
100000000000000000000001122222222222222222222221
100000000000000000000001122222222222222222222221
100000000000000000000001122222222222222222222221
100000000000000000000001122222222222222222222221
100000000000000000000001122222222222222222222221
100000000000000000000001122222222222222222222221
100000000000000000000001122222222222222222222221
100000000000000000000001122222222222222222222221
111111111111111111111111111111111111111111111111
